      C/R00 C/R01 C/R02 C/R10 C/R11 C/R12 C/R20 C/R21 C/R22

s0      1     1     0     1     1     0     1     1     1
s1      0     0     0     0     0     0     0     0     0
s2      0     0     1     0     0     1
s3      1     1     0     1     1     0
s4      0     0     0     0     0     0
s5      0     0     0     0     0     0
s6      1     0     0     1     0     0
s7      0     0     1     0     0     1
s8      0     1     0     0     1     0
s9      1     0     0     1     0     0
s10     0     0     1     0     0     1
s11     0     1     1     0     1     1
